navDate: 
location: 51.39004562961795, 0.5014871821770102
zoom: 10
